pushplus_token:b4218b5df7774cb7bad98fccd85bbae5
refresh_token:12c57d9a50f5444691e99719eaa6fc48
bilibili_cookie: 123456abc ## B站cookie
kk_cookie: 123456abc ##夸克网盘cookie
jd_cookie:__jdv=76161171|direct|-|none|-|1731338981600; 3AB9D23F7A4B3CSS=jdd03BMYNQITVZYD37KRZ7B74OPA3FLK2IRR2WAQQEHHZ6ZFENTEBXES472PX4TKDKWTNXPBEAAMBEWNVUF4EGG2KS4J67IAAAAMTDPME4AQAAAAACNAJDOFNUTWPQIX; _gia_d=1; __jdu=17313389816001587602244; areaId=19; ipLoc-djd=19-1601-0-0; wlfstk_smdl=hi464oofsj7fojoee1q92k7os99bemaw; thor=B44B1C86AD2CFEF5F71A9635FBED32B1D3B3DF1B67EF158FD3C06E2F413F59E8C6CF28F5F0A68F842CD1C009F596DD09454633A82616514C35F3F154669C1C14BD6D9392B7D9E2FB43000F8B7421AEC40E20C8AAF550E0D15548877DB884FF6A08EE18D4E93817B5CB8919D89D15E8F02E82CBC672D4679C7DBEC001D7B5269962602A7BB0ECA5A2A9FB7F3D60B3CF0AA21633E748EEE33591566B68A0402910; light_key=AASBKE7rOxgWQziEhC_QY6yaYo-DC_tLWwZoHGCnggbmvu2RthLZ3uubLoLy2mb3bV7168kq; pinId=EVbf22U3jXp2t1AvYkXp-w; pin=jd_CAsNOSLhcOqi; unick=%E6%A2%B5%E8%A8%80%E5%85%AB%E4%B8%B4; ceshi3.com=201; _tp=V2hC8nJCqxe2HPCdhi0%2BYg%3D%3D; _pst=jd_CAsNOSLhcOqi; PCSYCityID=CN_440000_440100_0; __jda=222648329.17313389816001587602244.1731338982.1731338982.1731338982.1; __jdb=222648329.4.17313389816001587602244|1.1731338982; __jdc=222648329; shshshfpa=b600e1c6-bd18-9ae6-2123-94bcdf38c793-1731339047; shshshfpx=b600e1c6-bd18-9ae6-2123-94bcdf38c793-1731339047; cn=2; 3AB9D23F7A4B3C9B=BMYNQITVZYD37KRZ7B74OPA3FLK2IRR2WAQQEHHZ6ZFENTEBXES472PX4TKDKWTNXPBEAAMBEWNVUF4EGG2KS4J67I; flash=3_FeZxDLbDg4lct_OiD3gqu-0LbslC34qcS1risGRUoKbcNY4TbUsLegtGLaWgz-HTpyDXbLQP-CBEU1w-xmq1Old1bCRNko0xDol1999o5Wbo4nkNuYi3_6PgW6pzQayVG_idqjgtBs8wis--unjmLAanlszzyC07eXvXClG61VrgNyCa; shshshfpb=BApXSa9zRGPZA9k_WT190UpPq_ctk_nZJBnNyl2ho9xJ1MpkYL4G2
